Sirius,90.75,-16.7,-1.46
Canopus,90.4,-52.7,-0.73
Rigil Kentaurus,210.6666667,-60.8,-0.29
Arcturus,210.2666667,19.2,-0.05
Vega,270.6166667,38.8,0.03
Capella,75.28333333,46,0.07
Rigel,75.25,-8.2,0.15
Procyon,105.65,5.2,0.36
Achernar,15.63333333,-57.2,0.45
Betelgeuse,75.91666667,7.4,0.55
Hadar,210.0666667,-60.4,0.61
Altair,285.85,8.9,0.77
Acrux,180.45,-63.1,0.79
Aldebaran,60.6,16.5,0.86
Antares,240.4833333,-26.4,0.95
Spica,195.4166667,-11.2,0.97
Pollux,105.75,28,1.14
Fomalhaut,330.9666667,-29.6,1.15
Deneb,300.6833333,45.3,1.24
Mimosa,180.8,-59.7,1.26
Regulus,150.1333333,12,1.36
Adhara,90.98333333,-29,1.5
Castor,105.5833333,31.9,1.58
Shaula,255.5666667,-37.1,1.62
Gacrux,180.5166667,-57.1,1.63
Bellatrix,75.41666667,6.3,1.64
Elnath,75.43333333,28.6,1.66
Miaplacidus,135.2166667,-69.7,1.67
Alnilam,75.6,-1.2,1.69
Alnair,330.1333333,-47,1.74
Alnitak,75.68333333,-1.9,1.75
Alioth,180.9,56,1.77
Dubhe,165.0666667,61.8,1.8
Mirfak,45.4,49.9,1.8
Regor,120.1666667,-47.3,1.81
Wezen,105.1333333,-26.4,1.83
Kaus Australis,270.4,-34.4,1.84
Alkaid,195.8,49.3,1.86
Sargas,255.6166667,-43,1.86
Avior,120.3833333,-59.5,1.87
Menkalinan,90,44.9,1.9
Atria,240.8166667,-69,1.92
Alhena,90.63333333,16.4,1.93
Peacock,300.4333333,-56.7,1.93
Koo She,120.75,-54.7,1.95
Alphard,135.4666667,-8.7,1.98
Mirzam,90.38333333,-18,1.98
Polaris,30.53333333,89.3,1.99
Algieba,150.3333333,19.8,2
Hamal,30.11666667,23.5,2.01
Diphda,0.733333333,-18,2.04
Nunki,270.9166667,-26.3,2.05
Menkent,210.1166667,-36.4,2.06
Al Dhanab,330.7166667,-46.9,2.07
Alpheratz,0.133333333,29.1,2.07
Kochab,210.85,74.2,2.07
Mirach,15.16666667,35.6,2.07
Saiph,75.8,-9.7,2.07
Rasalhague,255.5833333,12.6,2.08
Algol,45.13333333,41,2.09
Almach,30.06666667,42.3,2.1
Denebola,165.8166667,14.6,2.14
Cih,0.95,60.7,2.15
Muhlifain,180.7,-49,2.2
Aspidiske,135.2833333,-59.3,2.21
Naos,120.0666667,-40,2.21
Alphecca,225.5833333,26.7,2.22
Mizar,195.4,54.9,2.23
Sadr,300.3666667,40.3,2.23
Suhail,135.1333333,-43.4,2.23
Eltanin,255.95,51.5,2.24
Schedar,0.683333333,56.5,2.24
Mintaka,75.53333333,-0.3,2.25
Caph,0.15,59.2,2.28
Dschubba,240,-22.6,2.29
Wei,240.8333333,-34.3,2.29
Men,210.7,-47.4,2.3
Merak,165.0333333,56.4,2.34
Izar,210.75,27.1,2.35
Enif,315.7333333,9.9,2.38
Girtab,255.7,-39,2.39
Ankaa,0.433333333,-42.3,2.4
Phecda,165.9,53.7,2.41
Sabik,255.1666667,-15.7,2.43
Scheat,345.0666667,28.1,2.44
Alderamin,315.3166667,62.6,2.45
Aludra,105.4,-29.3,2.45
Markeb,135.3666667,-55,2.47
Gienah,300.7666667,34,2.48
Markab,345.0833333,15.2,2.49
Han,240.6166667,-10.6,2.54
Menkar,45.03333333,4.1,2.54
Al Nair al Kent.,195.9333333,-47.3,2.55
Graffias,240.0833333,-19.8,2.56
Zosma,165.2333333,20.5,2.56
Arneb,75.55,-17.8,2.58
Gienah Ghurab,180.2666667,-17.5,2.58
Ascella,285.05,-29.9,2.6
Zubeneschamali,225.2833333,-9.4,2.61
Unukalhai,225.7333333,6.4,2.63
Sheratan,15.91666667,20.8,2.64
Zubenelgenubi,210.85,-16,2.64
Kraz,180.5666667,-23.4,2.65
Phact,75.66666667,-34.1,2.65
Ruchbah,15.43333333,60.2,2.66
Ke Kouan,210.9833333,-43.1,2.68
Muphrid,195.9166667,18.4,2.68
Hassaleh,60.95,33.2,2.69
Lesath,255.5166667,-37.3,2.7
Kaus Meridionalis,270.35,-29.8,2.72
Tarazed,285.7666667,10.6,2.72
Aldhibain,240.4,61.5,2.73
Yed Prior,240.2333333,-3.7,2.73
Porrima,180.7,-1.5,2.74
Hatysa,75.58333333,-5.9,2.75
Cebalrai,255.7166667,4.6,2.76
Kornephoros,240.5,21.5,2.78
Kursa,75.13333333,-5.1,2.78
Rastaban,255.5,52.3,2.79
Cor Caroli,180.9333333,38.3,2.8
Nihal,75.46666667,-20.8,2.81
Rutilicus,240.6833333,31.6,2.81
Kaus Borealis,270.4666667,-25.4,2.82
Algenib,0.216666667,15.2,2.83
Turais,120.1333333,-24.3,2.83
Choo,255.5333333,-49.9,2.84
Deneb Algedi,315.7833333,-16.1,2.85
Alcyone,45.78333333,24.1,2.85
Vindemiatrix,195.0333333,11,2.85
Head of Hydrus,15.98333333,-61.6,2.86
Tejat,90.38333333,22.5,2.87
Acamar,30.96666667,-40.3,2.88
Albaldah,285.1666667,-21,2.88
Gomeisa,105.45,8.3,2.89
Alniyat,240.35,-25.6,2.9
Albireo,285.5166667,28,2.9
Sadalsuud,315.5333333,-5.6,2.9
Matar,330.7166667,30.2,2.93
Algorel,180.5,-16.5,2.94
Sadalmelik,330.1,-0.3,2.95
Alheka,75.63333333,21.1,2.97
Ras Elased Austr.,135.7666667,23.8,2.97
Zaurak,45.96666667,-13.5,2.97
Alnasl,270.1,-30.4,2.98
Deneb el Okab,285.0833333,13.9,2.99
Pherkad Major,225.35,71.8,3
Minkar,180.1666667,-22.6,3.02
Phurad,90.33333333,-30.1,3.02
Almaaz,75.03333333,43.8,3.03
Seginus,210.5333333,38.3,3.04
Dabih,300.35,-14.8,3.05
Mebsuta,90.73333333,25.1,3.06
Tania Australis,150.3666667,41.5,3.06
Tais,285.2166667,67.7,3.07
Persian,300.6333333,-47.3,3.11
Sarin,255.25,24.8,3.12
Talita,120.9833333,48,3.12
Wazn,75.85,-35.8,3.12
Ke Kwan,210.9833333,-42.1,3.13
Al Haud,135.55,51.7,3.17
Aldhibah,255.15,65.7,3.17
Hoedus II,75.11666667,41.2,3.18
Tabit,60.83333333,7,3.19
Errai,345.65,77.6,3.21
Alphirk,315.4833333,70.6,3.23
Alava,270.35,-2.9,3.23
Yed Posterior,240.3,-4.7,3.23
Brachium,225.0666667,-25.3,3.25
Sulaphat,270.9833333,32.7,3.25
Skat,330.9166667,-15.8,3.27
Edasich,225.4166667,59,3.29
Propus,90.25,22.5,3.31
Rasalgethi,255.25,14.4,3.31
Gorgonea Tertia,45.08333333,38.8,3.32
Megrez,180.25,57,3.32
Chort,165.2333333,15.4,3.33
Asmidiske,105.8166667,-24.9,3.34
Algjebbah,75.4,-2.4,3.35
Alzirr,90.75,12.9,3.35
Muscida,120.5,60.7,3.35
Segin,15.9,63.7,3.35
Heze,195.5833333,-0.6,3.38
Auva,180.9333333,3.4,3.39
Meissa,75.58333333,9.9,3.39
Homam,330.6833333,10.8,3.41
Mothallah,15.88333333,29.6,3.42
Adhafera,150.2833333,23.4,3.43
Althalimain,285.1,-4.9,3.43
Sheliak,270.8333333,33.4,3.45
Tania Borealis,150.2833333,42.9,3.45
Achird,0.816666667,57.8,3.46
Dheneb,15.15,-10.2,3.46
Kaffaljidhma,30.71666667,3.2,3.47
Alula Borealis,165.3,33.1,3.49
Nekkar,225.0333333,40.4,3.49
Wasat,105.3333333,22,3.5
Sadalbari,330.8333333,24.6,3.51
Baham,330.1666667,6.2,3.52
Rana,45.71666667,-9.8,3.52
Subra,135.6833333,9.9,3.52
Tseen Ke,135.95,-54.6,3.52
Ain,60.48333333,19.2,3.53
Tarf,120.2833333,9.2,3.53
